   0.050961      0.057262     0.380527
   0.191389      0.196135     0.287129
   0.047193      0.160362     0.153425
   0.009263     -0.031267     0.112801
  -0.148745     -0.157932     0.218384
  -0.176129     -0.348168     0.188882
   0.181636      0.366971     0.331722
   0.242720      0.281823     0.066537
  -0.191038     -0.076143     0.000711
   0.038639     -0.114787     0.333349
  -0.238242     -0.451795     0.303957
  -0.164524      0.062564     0.393673
   0.411219      0.197152     0.278760
  -0.158495      0.183912     0.154995
   0.213656     -0.050262     0.093348
  -0.356184     -0.141547     0.235149
  -0.342927     -0.390800     0.126975
   0.016046     -0.359921     0.150091
   0.40          0.442        0.33
   0.15          0.27        -0.020
  -0.12         -0.54         0.30
