 0.014 -0.042 0.0433
 0.1382 -0.0188 0.0598
 -0.026 -0.184 -0.0516
 -0.1508 -0.2177 -0.0546
 0.040 -0.137 -0.1848
 0.1667 -0.1323 -0.1840
 -0.007 0.030 -0.2250
 -0.1316 0.0176 -0.2425
 0.026 0.159 -0.1232
 0.1507 0.1821 -0.1090
 -0.047 0.319 -0.153
 -0.1672 0.2959 -0.1778
 -0.0407 0.3872 -0.0765
 0.061 -0.314 -0.0003
 -0.027 -0.261 -0.2759
 0.079 0.086 -0.3424
 -0.056 0.099 -0.0053
 0.048 0.403 -0.254
 0.0366 -0.3194 0.0920 
 0.0475 -0.2400 -0.3517 
 -0.0144 0.4924 -0.2850 
 0.533 0.455 0.3043
 0.6577 0.4616 0.3200
 0.475 0.3178 0.2094
 0.3480 0.3058 0.2052
 0.545 0.363 0.0765
 0.6716 0.3753 0.0793
 0.482 0.526 0.0375
 0.3561 0.5139 0.0289
 0.541 0.6574 0.1388
 0.6670 0.6830 0.1370
 0.452 0.815 0.1125
 0.3341 0.7843 0.0847
 0.4491 0.8778 0.1916
 0.528 0.166 0.2520
 0.486 0.233 -0.0081
 0.563 0.586 -0.0806
 0.485 0.6070 0.2639
 0.542 0.914 0.017
 0.5035 0.1593 0.3448 
 0.5104 0.2733 -0.0961 
 0.5184 1.0275 0.0326 
