 0.254 -0.054 0.031 
 0.1973 -0.1585 -0.1140 
 0.193 -0.143 0.234 
 0.2550 -0.0383 0.3792 
 0.022 -0.174 0.114 
 -0.0404 -0.2902 -0.0201 
 0.000 0.035 -0.003 
 0.0464 0.1410 0.1359 
 0.079 0.138 -0.175 
 0.0220 0.0485 -0.3333 
 0.092 0.374 -0.236 
 0.1302 0.4540 -0.0814 
 0.1664 0.4464 -0.3072 
 -0.163 0.003 -0.152 
 0.211 -0.346 0.313 
 -0.031 -0.243 0.307 
 0.239 0.152 -0.044 
 -0.059 0.371 -0.413 
 0.326 -0.296 0.40 
 -0.117 -0.188 0.235 
 -0.039 0.43 -0.559 
 0.766 0.048 -0.026 
 0.8462 0.1471 0.1231 
 0.650 0.147 -0.218 
 0.5732 0.0483 -0.3680 
 0.566 0.180 -0.086 
 0.6442 0.2833 0.0593 
 0.483 -0.038 0.008 
 0.3980 -0.1353 -0.1395 
 0.596 -0.148 0.175 
 0.6716 -0.0623 0.3350 
 0.512 -0.382 0.231 
 0.4236 -0.4600 0.0751 
 0.5849 -0.4562 0.2993 
 0.416 -0.009 0.157 
 0.740 0.352 -0.288 
 0.455 0.270 -0.261 
 0.680 -0.158 0.046 
 0.457 -0.387 0.409 
 0.839 0.333 -0.23 
 0.422 0.302 -0.148 
 0.481 -0.508 0.51 
