 -0.043    0.007   0.381
 -0.1257  -0.1115  0.3924  
 -0.125    0.086   0.286
 -0.0411   0.2049  0.2764  
 -0.151   -0.003   0.156
 -0.2396  -0.1205  0.1677  
  0.034    0.008   0.112
  0.1198   0.1243  0.0929  
  0.118   -0.057   0.216
  0.0297  -0.1731  0.2320  
  0.298   -0.053   0.183
  0.2935  -0.0928  0.0947  
  0.3960   0.0603  0.1874  
  0.011   -0.091  -0.001
  -0.299   0.062   0.334
  -0.224   0.069   0.066
  0.133    0.034   0.333
  0.337   -0.155   0.270
  0.468    0.522  -0.150
  0.5652   0.6374 -0.1577 
  0.318    0.506  -0.054
  0.2243   0.3886 -0.0506 
  0.398    0.559   0.082 
  0.4800   0.6792  0.0821  
  0.509    0.468   0.119
  0.4232   0.3516  0.1370  
  0.640    0.474   0.011
  0.7246   0.5920 -0.0036 
  0.757    0.392   0.037 
  0.8256   0.4356  0.1166  
  0.6794   0.2739  0.0479  
  0.621    0.539   0.232
  0.230    0.603  -0.092
  0.250    0.523   0.170 
  0.541    0.413  -0.108
  0.886    0.418  -0.067
